weighted_rank	benchmark_number	total_benefit_rank	top10_benefit_rank	price_check_frequency	minimal_benefit	minimal_history_size	starting_EUR_amount	crypto0	crypto1	crypto2	crypto3
1	benchmark43	1	1	0.02	120	1.01	1000	ADA: 33.69609793219944,1044.6258360341997	XETH: 32.12904234906421,996.6250442	XXBT: 21.20266346222283,657.3709117600004	XXLM: 19.697711356161307,611.8875169331998
2	benchmark51	2	2	0.02	120	1.02	1000	XETH: 31.96634117080685,991.5781440400003	ADA: 28.265045311445895,876.2556616621998	XXLM: 22.134619544507217,687.5873621284006	XXBT: 18.33856525456257,568.5719335800004
3	benchmark34	3	3	0.02	120	1.005	1000	ADA: 31.500867495540184,976.5706435666007	XETH: 29.546453961529497,916.5145871899997	XXLM: 19.730270017152456,612.8989155605998	XXBT: 18.516643596075802,574.0931041600002
4	benchmark42	4	4	0.02	120	1.01	1000	XETH: 31.540703356317714,978.3750954999998	ADA: 30.299616659841405,939.330199256	XXBT: 20.115647593603022,623.6688906000004	XXLM: 16.16680811216238,502.20393088419974
5	benchmark33	5	5	0.02	120	1.005	1000	XETH: 27.501181891501744,853.07138384	ADA: 25.32832054989078,785.2131152696002	XXLM: 24.294033911373322,754.6671700857996	XXBT: 18.34614725805671,568.8070072799999
6	benchmark15	6	6	0.02	60	1.01	1000	XXLM: 27.72068615808783,861.1123147386006	XETH: 22.895050296982184,710.1917407400001	ADA: 22.83427429524341,707.8942174224003	XXBT: 20.923521242628688,648.7163398600003
7	benchmark6	7	7	0.02	60	1.005	1000	XXLM: 26.95785276112459,837.4157428546009	XETH: 25.67701285903107,796.4866738799999	ADA: 24.91301986279109,772.3382171629999	XXBT: 13.351764011288813,413.96031670000025
8	benchmark7	8	8	0.02	60	1.005	1000	ADA: 32.17040547952514,997.3272509840008	XXLM: 24.362253944060814,756.7863496012003	XETH: 20.86131223913314,647.1063160399995	XXBT: 13.162626582663622,408.09626834000005
9	benchmark4	9	9	0.02	60	1.005	1000	ADA: 36.472742197090845,1130.705664696201	XXLM: 23.471361625465804,729.1117696044003	XETH: 18.508220288349605,574.1147110000002	XXBT: 11.807494723397413,366.0815343200006
10	benchmark36	10	10	0.02	120	1.01	1000	XETH: 29.437714721662058,913.1415563800006	XXLM: 23.16910249595422,719.7224255896001	ADA: 21.905465337251197,679.0998497122	XXBT: 14.218209102002433,440.8237247000004
11	benchmark40	11	11	0.02	120	1.01	1000	XETH: 29.638961595415058,919.3841226	ADA: 25.733897065519287,797.7865505548	XXBT: 16.867535205913182,522.96387278	XXLM: 16.20850558476256,503.4992165399992
12	benchmark31	12	12	0.02	120	1.005	1000	ADA: 32.28658934334198,1000.9291121288004	XETH: 25.49699689162714,790.9026785800008	XXBT: 15.221902391184004,471.9423987200007	XXLM: 13.67015137419869,424.64806338239987
13	benchmark27	13	13	0.02	120	1.005	1000	XETH: 24.85722586814723,771.0573368600003	XXLM: 22.95716470035668,713.1388134558022	ADA: 22.882843389111972,709.3999267894005	XXBT: 15.42111861480987,478.118931720001
14	benchmark52	14	14	0.02	120	1.02	1000	XETH: 28.801036000501473,893.3921361599998	ADA: 24.08809116592982,746.7642818259994	XXBT: 20.423628907942486,633.2175946000002	XXLM: 12.254782160032919,380.68119137680037
15	benchmark30	15	15	0.02	120	1.005	1000	XETH: 28.516445980334908,884.5643118399998	ADA: 22.295381417692763,691.1877897560003	XXLM: 18.079728172491837,561.6266670916007	XXBT: 15.522065559575333,481.24870762000023
16	benchmark48	16	16	0.02	120	1.02	1000	XETH: 30.55782414664637,947.8867284600001	ADA: 20.84472960125371,646.2155686522001	XXBT: 16.654067497809436,516.34548438	XXLM: 16.201855700437463,503.2926452722004
17	benchmark28	17	17	0.02	120	1.005	1000	XETH: 28.241096758807227,876.0231319600009	ADA: 24.229308309996874,751.1422094270004	XXLM: 16.14386437704445,501.4912092458003	XXBT: 15.558949335626973,482.3922583600013
18	benchmark39	18	18	0.02	120	1.01	1000	ADA: 24.85419498743676,770.5145643257999	XETH: 24.232279656917694,751.6718525799997	XXLM: 18.71140741347759,581.2490808469997	XXBT: 15.87303132611208,492.13010873999997
19	benchmark24	19	19	0.02	60	1.02	1000	ADA: 25.995135640759457,805.8853092185998	XETH: 22.78194521199965,706.6832838400003	XXLM: 18.84650298802113,585.4456747640008	XXBT: 15.654554457734188,485.35641550000037
20	benchmark1	20	20	0.02	60	1.005	1000	ADA: 33.10315765186937,1026.2438638158003	XETH: 18.659795099704493,578.8164774400002	XXLM: 18.04311500308899,560.4893196654004	XXBT: 13.330422328826783,413.29863562000037
21	benchmark13	21	21	0.02	60	1.01	1000	XETH: 29.953118116092043,929.1290833399996	ADA: 21.381158219248984,662.8456008498008	XXBT: 15.98537855858083,495.6133410599998	XXLM: 15.026332948923175,466.77633713279965
22	benchmark16	22	22	0.02	60	1.01	1000	XETH: 21.824132893561387,676.97247784	XXBT: 20.941850887353855,649.2846352200002	ADA: 19.750638050892345,612.2972110194	XXLM: 19.535914136882777,606.8614660910002
23	benchmark3	23	23	0.02	60	1.005	1000	ADA: 27.89289924356652,864.7186166884005	XXLM: 22.354048219937404,694.403670121	XETH: 19.184914372203817,595.10538554	XXBT: 11.953965323585557,370.62273322000055
24	benchmark22	24	24	0.02	60	1.02	1000	XETH: 23.290276820202372,722.4514479199997	XXLM: 22.588066917203598,701.6732009307996	ADA: 21.912403556786167,679.3149441542	XXBT: 13.323457884907938,413.0827088399999
25	benchmark49	25	25	0.02	120	1.02	1000	XETH: 28.683250899400008,889.7385077599997	ADA: 22.09481170825538,684.9698501944006	XXBT: 18.66024847498993,578.5454537600003	XXLM: 11.63038153463223,361.28487972720063
26	benchmark37	26	26	0.02	120	1.01	1000	XETH: 29.60955393849737,918.4719134200004	ADA: 23.429241340736368,726.3390221758007	XXBT: 15.166456987394186,470.22336018000055	XXLM: 12.602486758894731,391.4822484019994
27	benchmark0	27	27	0.02	60	1.005	1000	ADA: 26.465059555956117,820.4536032618007	XETH: 23.464715467215917,727.8624378400004	XXLM: 13.868149490590366,430.79865487020015	XXBT: 13.508758417632055,418.8277974400005
28	benchmark21	28	28	0.02	60	1.02	1000	XETH: 22.892407094259877,710.1097500600001	ADA: 20.08748821707772,622.7400340185998	XXLM: 17.77980012996872,552.3097357040006	XXBT: 14.238378584598852,441.44906270000024
29	benchmark45	29	29	0.02	120	1.02	1000	XXLM: 21.380944303762526,664.1752781916009	ADA: 19.908129112557315,617.1796526685998	XETH: 19.758276615098072,612.8907637800005	XXBT: 13.347326012955245,413.82272025999987
30	benchmark12	30	30	0.02	60	1.01	1000	XETH: 23.252601500062664,721.2827804199994	XXLM: 21.942813663617276,681.6291255562	ADA: 16.480165156004166,510.90800895440134	XXBT: 11.21005545018144,347.55842752000035
31	benchmark18	31	31	0.02	60	1.02	1000	XETH: 25.42509476958898,788.6723147000005	ADA: 18.077929823862387,560.4409327756005	XXLM: 16.89783010868141,524.9123169594006	XXBT: 11.821656670232503,366.5206136800002
32	benchmark19	32	32	0.02	60	1.02	1000	XETH: 23.871541857759496,740.4819664600009	XXLM: 19.746324095068587,613.3976176532001	ADA: 18.644733809941155,578.0126435718007	XXBT: 9.446803203870456,292.89026100000024
33	benchmark46	33	33	0.02	120	1.02	1000	XETH: 26.88327073792423,833.9041231399997	ADA: 19.10611057738416,592.3159641635998	XXLM: 14.605544756866689,453.7050194890005	XXBT: 11.075344304905268,343.3818207200004
34	benchmark25	34	34	0.02	60	1.02	1000	XETH: 21.623483167189047,670.7484348000003	ADA: 18.873499113167334,585.1046857014001	XXLM: 16.350081654279542,507.8971198328004	XXBT: 14.691092488859024,455.48508003999996
35	benchmark8	35	35	0.02	60	1.005	1000	XETH: 21.196035980514,657.4892605399996	XXBT: 19.014558522349134,589.5305415199996	ADA: 18.645326250727138,578.0310100590007	XXLM: 1.9561272779833792,60.76492041580036
36	benchmark35	36	36	0.02	120	1.005	1000	XETH: 21.60656533099311,670.2236529200002	XXBT: 19.026862293777704,589.9120096999995	ADA: 18.645326250727138,578.0310100590007	XXLM: 0.9423880028128506,29.274236209600303
37	benchmark87	37	37	0.05	120	1.005	1000	XETH: 21.849828295083714,677.7695349199996	ADA: 18.366525642851848,569.3878039918002	XXLM: 12.898345520309755,400.6727720934	XXBT: 3.800049460018813,117.81736679999995
38	benchmark96	38	38	0.05	120	1.01	1000	ADA: 20.166318249388823,625.1838745063999	XETH: 17.992824257687836,558.1274124600002	XXLM: 14.281331078752405,443.6336818158004	XXBT: 3.800049460018813,117.81736679999995
39	benchmark88	39	39	0.05	120	1.005	1000	XETH: 21.849828295083714,677.7695349199996	ADA: 17.217530384940485,533.7673551698008	XXLM: 12.637210507027454,392.56090305580005	XXBT: 3.800049460018813,117.81736679999995
40	benchmark97	40	40	0.05	120	1.01	1000	ADA: 19.49302431327484,604.3108273563996	XETH: 17.992824257687836,558.1274124600002	XXLM: 13.89515627440293,431.63759060179996	XXBT: 3.800049460018813,117.81736679999995
41	benchmark44	41	41	0.02	120	1.01	1000	XETH: 21.640936295370306,671.2898211400006	XXBT: 16.2598473798683,504.1230181400001	ADA: 15.291797973971061,474.0669758014001	XXLM: 1.685599163307884,52.36126512020019
42	benchmark17	42	42	0.02	60	1.01	1000	XETH: 20.615898294546447,639.4937118200005	XXBT: 16.287356966859296,504.97592996000003	ADA: 14.820161865769448,459.4456013969998	XXLM: 2.5196717682117544,78.27080384420015
43	benchmark10	43	43	0.02	60	1.01	1000	XETH: 20.922839849771655,649.0148683400002	ADA: 14.209294362469093,440.50786036760087	XXLM: 9.543484202064574,296.4577328658004	XXBT: 9.228508485203623,286.1222151600007
44	benchmark32	44	44	0.02	120	1.005	1000	XETH: 23.082371152144724,716.0023296000004	XXBT: 15.280590424942899,473.7619723000005	ADA: 12.572825758825855,389.7750607815999	XXLM: 0.6834952154362948,21.232019428400235
45	benchmark5	45	45	0.02	60	1.005	1000	XETH: 22.65436682847678,702.7258732600005	XXBT: 16.362563197849763,507.3076364800004	ADA: 12.572825758825855,389.7750607815999	XXLM: -0.12594951202646223,-3.9124816471997974
46	benchmark41	46	46	0.02	120	1.01	1000	XETH: 25.91883630991315,803.9879029800004	XXBT: 12.617846394194327,391.20581257999993	ADA: 10.309700008174556,319.6150192812004	XXLM: 1.3103455433411493,40.7044283644002
47	benchmark53	47	47	0.02	120	1.02	1000	XETH: 20.008777243950927,620.66115412	XXBT: 13.011180722806076,403.40081566000003	ADA: 12.558593923433548,389.3338541180003	XXLM: 2.90438240461486,90.22141230779994
48	benchmark142	48	48	0.07	120	1.005	1000	XETH: 18.68813775624608,579.6956508999999	XXLM: 13.641167270726642,423.7477044126001	ADA: 12.44797995372107,385.9046674264	XXBT: 3.473381041902968,107.68928471999993
49	benchmark9	49	49	0.02	60	1.01	1000	ADA: 16.52944548170425,512.4357674960008	XETH: 12.599334523864965,390.8243573000002	XXLM: 9.929836604956796,308.4593409811996	XXBT: 8.908441355301695,276.1988005199996
50	benchmark26	50	50	0.02	60	1.02	1000	XETH: 20.480682660123595,635.2993979600005	XXBT: 13.127544303185056,407.0085715	ADA: 12.427022952235482,385.2549712734003	XXLM: 1.8434806232288254,57.265677248799875
51	benchmark84	51	51	0.05	120	1.005	1000	XETH: 15.0348666725889,466.3732114800007	ADA: 13.630821956904441,422.5744123612001	XXLM: 12.075980818299202,375.1269263639999	XXBT: 6.47723316091923,200.82121645999996
52	benchmark106	52	52	0.05	120	1.02	1000	XXLM: 16.585877884951085,515.2218677428	XETH: 15.323379852637238,475.3227300400001	ADA: 10.806434297983067,335.01447217400005	XXBT: 3.4663192323612457,107.47033920000013
53	benchmark60	53	53	0.05	60	1.005	1000	ADA: 18.132069099286966,562.1193255072005	XETH: 13.221682304934188,410.1292397200002	XXLM: 9.799434336429231,304.40853940080024	XXBT: 3.946393219190969,122.3546331
54	benchmark93	54	54	0.05	120	1.01	1000	XETH: 15.319507761368323,475.2026199200002	XXLM: 14.70693711562337,456.8546604556004	ADA: 12.209109928099272,378.4993648681998	XXBT: 2.531221546566323,78.47841470000003
55	benchmark105	55	55	0.05	120	1.02	1000	XETH: 15.323379852637238,475.3227300400001	XXLM: 14.278376428530445,443.5418988895999	ADA: 11.583967608738677,359.1190847148	XXBT: 3.4663192323612457,107.47033920000013
56	benchmark71	56	56	0.05	60	1.01	1000	XETH: 19.606349496982215,608.1780689800012	XXLM: 12.859191581858887,399.45649849979986	ADA: 7.972184221681111,247.14878335020012	XXBT: 4.175911877650847,129.4706678399998
57	benchmark90	57	57	0.05	120	1.01	1000	XXLM: 21.169913093554165,657.6198281256006	XETH: 9.187557435801907,284.9929274599997	ADA: 8.004748011162201,248.1583060515993	XXBT: 5.832742097029981,180.83930810000038
58	benchmark141	58	58	0.07	120	1.005	1000	XETH: 18.68813775624608,579.6956508999999	ADA: 12.44797995372107,385.9046674264	XXLM: 8.686571242350707,269.8386838977999	XXBT: 3.473381041902968,107.68928471999993
59	benchmark61	59	59	0.05	60	1.005	1000	ADA: 18.132069099286966,562.1193255072005	XETH: 13.221682304934188,410.1292397200002	XXLM: 7.8799303221482635,244.7812799794001	XXBT: 3.946393219190969,122.3546331
60	benchmark81	60	60	0.05	120	1.005	1000	XXLM: 20.372772032633822,632.8575267804001	XETH: 9.04220618271693,280.4842123399999	ADA: 8.860658720630799,274.69272681000007	XXBT: 4.87268286821664,151.07347176000007
61	benchmark143	61	61	0.07	120	1.005	1000	XETH: 18.68813775624608,579.6956508999999	XXLM: 12.687315517554865,394.11735953560014	ADA: 7.3960872389745935,229.28897675159988	XXBT: 3.473381041902968,107.68928471999993
62	benchmark85	62	62	0.05	120	1.005	1000	XETH: 15.0348666725889,466.3732114800007	ADA: 12.588858273310352,390.2720909980005	XXLM: 7.950941310395426,246.98715742820013	XXBT: 6.47723316091923,200.82121645999996
63	benchmark124	63	63	0.07	60	1.01	1000	XXLM: 23.554248972668518,731.6865729482001	ADA: 8.381216813525562,259.8293617982001	XETH: 6.428636771917257,199.41274120000003	XXBT: 3.4739795137212712,107.7078398399999
64	benchmark107	64	64	0.05	120	1.02	1000	XETH: 19.95731193924958,619.0647289600001	ADA: 12.574379517064644,389.8232294449999	XXLM: 4.491688867516773,139.5293239040002	XXBT: 3.749146386990999,116.2391594400001
65	benchmark70	65	65	0.05	60	1.01	1000	XETH: 14.720223315984622,456.61314936000076	ADA: 12.686779113769457,393.30777305340007	XXLM: 8.996233064906368,279.4579843467998	XXBT: 3.946393219190969,122.3546331
66	benchmark38	66	66	0.02	120	1.01	1000	XETH: 21.046170398997067,652.8405134600007	XXBT: 12.37309091595215,383.61737293999977	ADA: 5.074038899062951,157.3022531472002	XXLM: 1.523584665213268,47.328464752999935
67	benchmark14	67	67	0.02	60	1.01	1000	XETH: 16.86036433427062,522.9991347800001	XXBT: 12.608580796344585,390.91854044000024	ADA: 9.932494847853771,307.92113541520007	XXLM: 0.49492959624572724,15.374437985599911
68	benchmark156	68	68	0.07	120	1.02	1000	XXLM: 18.74045569614523,582.1514334722003	XETH: 8.612274793588236,267.14797949999956	ADA: 7.2398262475215285,224.44466898740006	XXBT: 5.139895050665224,159.35816279999972
69	benchmark138	69	69	0.07	120	1.005	1000	XXLM: 13.249902183400533,411.59348921380047	XETH: 12.195334472785884,378.2925001599999	ADA: 9.349184630959543,289.83770853839997	XXBT: 4.678639202257763,145.05730960000005
70	benchmark79	70	70	0.05	60	1.02	1000	XETH: 15.962616119280018,495.1514838999999	ADA: 11.914043440207875,369.35189392899997	XXLM: 7.736976054326759,240.34056448760043	XXBT: 3.5314823254938905,109.49066660000017
71	benchmark89	71	71	0.05	120	1.005	1000	XETH: 21.56945637109339,669.0725535999998	ADA: 10.712622025267706,332.10616142500066	XXBT: 4.175911877650847,129.4706678399998	XXLM: 2.601382688247519,80.80906278520001
72	benchmark160	72	72	0.07	120	1.02	1000	XXLM: 17.451958196222847,542.1256903010003	XETH: 9.545019786227266,296.0812109799997	ADA: 7.845596277790416,243.22438127299984	XXBT: 4.214574838435692,130.66938071999994
73	benchmark94	73	73	0.05	120	1.01	1000	XETH: 15.319507761368323,475.2026199200002	ADA: 13.273547287479259,411.49840139420076	XXLM: 7.234841733025477,224.74231972339976	XXBT: 2.531221546566323,78.47841470000003
74	benchmark99	74	74	0.05	120	1.02	1000	XETH: 14.90419103694816,462.3197258600003	XXLM: 12.997875462985599,403.76455917379985	ADA: 5.229873417036165,162.13333964120034	XXBT: 5.193840775379658,161.03070504000016
75	benchmark133	75	75	0.07	60	1.02	1000	XXLM: 20.107258724248595,624.6096508702001	ADA: 7.991006456481346,247.73229877100016	XETH: 6.101216017680667,189.256331304	XXBT: 4.066293794489994,126.07205052000018
76	benchmark159	76	76	0.07	120	1.02	1000	XXLM: 16.547932048567997,514.0431224975998	XETH: 9.545019786227266,296.0812109799997	ADA: 7.845596277790416,243.22438127299984	XXBT: 4.214574838435692,130.66938071999994
77	benchmark103	77	77	0.05	120	1.02	1000	XETH: 14.614570711990691,453.3358642800001	XXLM: 12.17945007934688,378.3410839926005	ADA: 8.822445010856505,273.5080487324001	XXBT: 2.4403577497648223,75.66125840000018
78	benchmark69	78	78	0.05	60	1.01	1000	XETH: 14.720223315984622,456.61314936000076	ADA: 12.686779113769457,393.30777305340007	XXLM: 6.596233759234563,204.90467258200033	XXBT: 3.946393219190969,122.3546331
79	benchmark62	79	79	0.05	60	1.005	1000	XETH: 18.14353797689621,562.8024682999999	XXLM: 8.131750518846108,252.60379458960006	ADA: 7.4557026323630815,231.1371367458005	XXBT: 4.175911877650847,129.4706678399998
80	benchmark20	80	80	0.02	60	1.02	1000	XXBT: 15.711939327939794,487.13558558	XETH: 14.520805272535167,450.4273124400006	XXLM: 4.86534715031958,151.1366032833996	ADA: 2.588273870315487,80.24008480459997
81	benchmark152	81	81	0.07	120	1.01	1000	XXLM: 15.573551409625331,483.7750705940002	XETH: 9.917144252243215,307.62430517999996	ADA: 8.234394972597288,255.27768081020008	XXBT: 3.5259594768445135,109.3194352800001
82	benchmark151	82	82	0.07	120	1.01	1000	XXLM: 15.464384031479932,480.38390728900026	XETH: 9.917144252243215,307.62430517999996	ADA: 8.234394972597288,255.27768081020008	XXBT: 3.5259594768445135,109.3194352800001
83	benchmark75	83	83	0.05	60	1.02	1000	XETH: 15.63034609237933,484.84465226	ADA: 9.879103618972632,306.26593316540016	XXLM: 9.320875885419673,289.54265285180054	XXBT: 2.2935053170272752,71.10822109999981
84	benchmark95	84	84	0.05	120	1.01	1000	XETH: 15.102190515339839,468.46155967999994	ADA: 8.411008342850604,260.75294058440045	XXBT: 7.198332968579483,223.17831507999972	XXLM: 6.287937739355808,195.3277992756
85	benchmark91	85	85	0.05	120	1.01	1000	XXLM: 14.69390630332396,456.4498727501996	XETH: 9.187557435801907,284.9929274599997	ADA: 7.215237295119036,223.68237731160002	XXBT: 5.832742097029981,180.83930810000038
86	benchmark98	86	86	0.05	120	1.01	1000	XETH: 17.980210744873286,557.7361483	ADA: 12.094253856864494,374.93866713760053	XXBT: 4.175911877650847,129.4706678399998	XXLM: 2.2578178951601524,70.13660422659996
87	benchmark50	87	87	0.02	120	1.02	1000	XETH: 16.257783499095545,504.3074120399999	XXBT: 11.435295906894236,354.54182018000006	ADA: 7.195642365873234,223.07490728980065	XXLM: 1.3788703170104641,42.83307431980006
88	benchmark29	88	88	0.02	120	1.005	1000	XETH: 16.906163303447645,524.4197933599996	XXBT: 13.847566867249036,429.3322710800003	ADA: 6.392887423686753,198.18838914460002	XXLM: -0.9009531105621028,-27.98710732059999
89	benchmark47	89	89	0.02	120	1.02	1000	XETH: 14.4184386725889,447.2519573800007	XXBT: 14.209343428463917,440.54885188000003	XXLM: 4.869189214789595,151.25595274720013	ADA: 2.6905394786326835,83.41046069800018
90	benchmark78	90	90	0.05	60	1.02	1000	XETH: 15.962616119280018,495.1514838999999	ADA: 11.914043440207875,369.35189392899997	XXLM: 4.655943475310745,144.63171079000017	XXBT: 3.5314823254938905,109.49066660000017
91	benchmark115	91	91	0.07	60	1.005	1000	XXLM: 15.59988573279801,484.5931170830004	ADA: 12.44797995372107,385.9046674264	XETH: 4.352765816480706,135.02037742400012	XXBT: 3.6111003660798215,111.9591575999998
92	benchmark80	92	92	0.05	60	1.02	1000	XETH: 16.429883712868264,509.6458650599998	XXLM: 8.188791070366808,254.37569594420006	ADA: 7.585858175021548,235.17213933979997	XXBT: 3.749146386990999,116.2391594400001
93	benchmark82	93	93	0.05	120	1.005	1000	XXLM: 13.613962150214425,422.90260757179976	XETH: 9.04220618271693,280.4842123399999	ADA: 8.126860424872724,251.9439604772001	XXBT: 4.87268286821664,151.07347176000007
94	benchmark130	94	94	0.07	60	1.02	1000	XXLM: 17.952660194792088,557.6794415509999	ADA: 7.383040507176558,228.88450994539994	XETH: 6.101216017680667,189.256331304	XXBT: 4.066293794489994,126.07205052000018
95	benchmark139	95	95	0.07	120	1.005	1000	XETH: 12.195334472785884,378.2925001599999	ADA: 9.349184630959543,289.83770853839997	XXLM: 8.978787870393283,278.91606876280025	XXBT: 4.678639202257763,145.05730960000005
96	benchmark102	96	96	0.05	120	1.02	1000	XETH: 14.996024210978772,465.16833989999986	XXLM: 9.517839336470013,295.66110361040046	ADA: 8.112935038182899,251.51225414900068	XXBT: 2.4403577497648223,75.66125840000018
97	benchmark58	97	97	0.05	60	1.005	1000	ADA: 13.417734178770498,415.9683952838004	XETH: 11.40913262627385,353.90495566000027	XXBT: 4.998818674479244,154.98420732000022	XXLM: 4.750375335683816,147.56513160820032
98	benchmark86	98	98	0.05	120	1.005	1000	XETH: 15.50667561636968,481.00846280000064	ADA: 6.937702135922237,215.07840191100036	XXBT: 6.8107021243381265,211.16014378	XXLM: 5.306147229349545,164.8295679605999
99	benchmark57	99	99	0.05	60	1.005	1000	ADA: 13.417734178770498,415.9683952838004	XETH: 11.40913262627385,353.90495566000027	XXBT: 4.998818674479244,154.98420732000022	XXLM: 4.724531168288303,146.76231126380026
100	benchmark2	100	100	0.02	60	1.005	1000	XETH: 16.83692688550191,522.2721181399995	XXBT: 12.053096250503978,373.6962050000004	ADA: 6.392887423686753,198.18838914460002	XXLM: -0.8761591612740672,-27.216910834799705
101	benchmark23	101	101	0.02	60	1.02	1000	XETH: 16.29322470185366,505.4067784599995	XXBT: 11.551659487273218,358.14957602000004	ADA: 5.142373231288935,159.42071235500043	XXLM: 1.376999301574888,42.774953304199926
102	benchmark100	102	102	0.05	120	1.02	1000	XETH: 12.455812898647807,386.37239622000016	XXLM: 10.882559348746488,338.0546144361999	ADA: 5.594628829721986,173.44126403920063	XXBT: 5.193840775379658,161.03070504000016
103	benchmark123	103	103	0.07	60	1.01	1000	XXLM: 15.77438255011498,490.01366682759954	ADA: 8.381216813525562,259.8293617982001	XETH: 6.428636771917257,199.41274120000003	XXBT: 3.4739795137212712,107.7078398399999
104	benchmark72	104	104	0.05	60	1.02	1000	XXLM: 12.729303318427613,395.4216639166	XETH: 11.037824091698756,342.3871712	ADA: 6.568350999673519,203.62800369960087	XXBT: 3.3477849489047173,103.79528252
105	benchmark132	105	105	0.07	60	1.02	1000	XXLM: 15.495421311739612,481.34804591440025	ADA: 7.991006456481346,247.73229877100016	XETH: 6.101216017680667,189.256331304	XXBT: 4.066293794489994,126.07205052000018
106	benchmark157	106	106	0.07	120	1.02	1000	XXLM: 12.63920069145096,392.6227259236002	XETH: 8.612274793588236,267.14797949999956	ADA: 7.2398262475215285,224.44466898740006	XXBT: 5.139895050665224,159.35816279999972
107	benchmark147	107	107	0.07	120	1.01	1000	XXLM: 15.593960877662893,484.40906804140036	XETH: 7.297241669347181,226.35638255999993	XXBT: 5.320213603977954,164.9487892799998	ADA: 5.053269920946924,156.6583859798004
108	benchmark153	108	108	0.07	120	1.02	1000	XXLM: 16.003624706957353,497.1348197164002	XETH: 8.612274793588236,267.14797949999956	XXBT: 4.3918602149173385,136.16596607999963	ADA: 4.136684606423023,128.24296819440042
109	benchmark104	109	109	0.05	120	1.02	1000	XETH: 14.070686623730627,436.4648820199998	ADA: 11.896394414973527,368.8047496342001	XXLM: 4.279873732189226,132.94952207520032	XXBT: 2.47579860685392,76.76007264000009
110	benchmark63	110	110	0.05	60	1.01	1000	XXLM: 14.69938376403756,456.6200239812001	XETH: 8.633543928217073,267.80773624000017	ADA: 5.8567437617504625,181.56719098060012	XXBT: 2.7903674796398468,86.51301840000042
111	benchmark150	111	111	0.07	120	1.01	1000	XXLM: 10.289484388676376,319.6313997737998	XETH: 9.917144252243215,307.62430517999996	ADA: 8.234394972597288,255.27768081020008	XXBT: 3.5259594768445135,109.3194352800001
112	benchmark76	112	112	0.05	60	1.02	1000	XETH: 15.63034609237933,484.84465226	ADA: 9.879103618972632,306.26593316540016	XXLM: 4.131019279801134,128.32552390560022	XXBT: 2.2935053170272752,71.10822109999981
113	benchmark101	113	113	0.05	120	1.02	1000	XETH: 11.960338327930518,371.00305030000027	ADA: 8.427833643635342,261.27454827720067	XXLM: 5.81314107734241,180.57876852200047	XXBT: 5.515735019701652,171.01076783999997
114	benchmark54	114	114	0.05	60	1.005	1000	XXLM: 13.482880069623528,418.8306883849998	XETH: 7.445034199552249,230.94082473999993	ADA: 7.116061500304831,220.6077899282002	XXBT: 3.457274902835645,107.18992730000014
115	benchmark114	115	115	0.07	60	1.005	1000	ADA: 12.44797995372107,385.9046674264	XXLM: 10.988158403299296,341.3349317336001	XETH: 4.352765816480706,135.02037742400012	XXBT: 3.6111003660798215,111.9591575999998
116	benchmark129	116	116	0.07	60	1.02	1000	XXLM: 13.532205897670405,420.3629404268004	ADA: 7.383040507176558,228.88450994539994	XETH: 6.101216017680667,189.256331304	XXBT: 4.066293794489994,126.07205052000018
117	benchmark59	117	117	0.05	60	1.005	1000	XETH: 12.63125849535238,391.8146211600001	XXLM: 7.892770877946885,245.18015757800003	XXBT: 5.247802326353974,162.70373795999967	ADA: 4.879093920486013,151.2586880544004
118	benchmark140	118	118	0.07	120	1.005	1000	XETH: 12.195334472785884,378.2925001599999	XXLM: 8.247985216552985,256.2144963242001	ADA: 5.413632723331036,167.83013335760006	XXBT: 4.678639202257763,145.05730960000005
119	benchmark161	119	119	0.07	120	1.02	1000	XETH: 9.545019786227266,296.0812109799997	XXLM: 8.869166737431451,275.51081006859977	ADA: 7.845596277790416,243.22438127299984	XXBT: 4.214574838435692,130.66938071999994
120	benchmark11	120	120	0.02	60	1.01	1000	XETH: 11.608927931154312,360.10249502000056	XXBT: 9.310000126219604,288.6487955800003	ADA: 5.735861585018595,177.8196756100001	XXLM: 3.6349028282929376,112.91421757999979
121	benchmark68	121	121	0.05	60	1.01	1000	XETH: 12.6517550577953,392.45041314000036	XXLM: 9.07807322147189,282.0002578770004	ADA: 4.811601942713688,149.16634300460032	XXBT: 3.7036539873672916,114.82870550000007
122	benchmark116	122	122	0.07	60	1.005	1000	XXLM: 14.74311271860789,457.9784153672001	ADA: 7.489527970432861,232.18576920559985	XETH: 4.352765816480706,135.02037742400012	XXBT: 3.6111003660798215,111.9591575999998
123	benchmark149	123	123	0.07	120	1.01	1000	XXLM: 12.160296241637493,377.74609130620024	XETH: 7.297241669347181,226.35638255999993	XXBT: 5.320213603977954,164.9487892799998	ADA: 5.053269920946924,156.6583859798004
124	benchmark73	124	124	0.05	60	1.02	1000	XETH: 11.037824091698756,342.3871712	XXLM: 8.607479971383714,267.38180144440025	ADA: 6.568350999673519,203.62800369960087	XXBT: 3.3477849489047173,103.79528252
125	benchmark125	125	125	0.07	60	1.01	1000	XXLM: 10.948195636176333,340.09353277599985	ADA: 8.329815986107432,258.2358647582	XETH: 6.428636771917257,199.41274120000003	XXBT: 3.4739795137212712,107.7078398399999
126	benchmark154	126	126	0.07	120	1.02	1000	XXLM: 11.705970947483868,363.6329808492003	XETH: 8.612274793588236,267.14797949999956	XXBT: 4.3918602149173385,136.16596607999963	ADA: 4.136684606423023,128.24296819440042
127	benchmark148	127	127	0.07	120	1.01	1000	XXLM: 11.102485235818646,344.8863677559998	XETH: 7.297241669347181,226.35638255999993	XXBT: 5.320213603977954,164.9487892799998	ADA: 5.053269920946924,156.6583859798004
128	benchmark121	128	128	0.07	60	1.01	1000	XXLM: 17.619067155109743,547.3167444322007	ADA: 5.1885475018008185,160.8521788718001	XETH: 3.3012880023497857,102.40411978400016	XXBT: 2.3056727919365656,71.48546351999994
129	benchmark158	129	129	0.07	120	1.02	1000	XETH: 8.612274793588236,267.14797949999956	ADA: 7.2398262475215285,224.44466898740006	XXLM: 7.1785631029333885,222.99408661140023	XXBT: 5.139895050665224,159.35816279999972
130	benchmark77	130	130	0.05	60	1.02	1000	XETH: 11.964253625002236,371.12450063999995	ADA: 6.984054382021596,216.51538591820008	XXLM: 6.526173601995903,202.7283316420005	XXBT: 2.47579860685392,76.76007264000009
131	benchmark67	131	131	0.05	60	1.01	1000	XETH: 12.046801068577091,373.68507648000104	ADA: 7.83945009754403,243.0338411490004	XXLM: 4.356467175009936,135.32881227260032	XXBT: 3.6201511502217465,112.23976962000006
132	benchmark66	132	132	0.05	60	1.01	1000	XETH: 12.046801068577091,373.68507648000104	ADA: 7.83945009754403,243.0338411490004	XXLM: 4.160045722833592,129.2271981068002	XXBT: 3.6201511502217465,112.23976962000006
133	benchmark112	133	133	0.07	60	1.005	1000	XXLM: 12.580613468662794,390.80277894460005	ADA: 9.349184630959543,289.83770853839997	XETH: 3.193381405569989,99.05691710000019	XXBT: 2.448931655422657,75.92708519999996
134	benchmark126	134	134	0.07	60	1.02	1000	XXLM: 17.633142368588764,547.7539752998005	ADA: 4.2686573537300525,132.3343066564007	XETH: 2.492460070278504,77.31472668000015	XXBT: 2.3059585277247674,71.49432251999997
135	benchmark135	135	135	0.07	120	1.005	1000	XXLM: 10.393420954807834,322.86007371560004	XETH: 7.0912352171218735,219.9661768599999	ADA: 5.0341340747264125,156.06514816940035	XXBT: 3.543887770353444,109.87528707999991
136	benchmark64	136	136	0.05	60	1.01	1000	XXLM: 8.762712864156667,272.2039387774	XETH: 8.633543928217073,267.80773624000017	ADA: 5.8567437617504625,181.56719098060012	XXBT: 2.7903674796398468,86.51301840000042
137	benchmark55	137	137	0.05	60	1.005	1000	XXLM: 7.92719567967164,246.24952579379988	XETH: 7.445034199552249,230.94082473999993	ADA: 7.116061500304831,220.6077899282002	XXBT: 3.457274902835645,107.18992730000014
138	benchmark120	138	138	0.07	60	1.01	1000	XXLM: 14.077985512149516,437.3169777288001	ADA: 5.1885475018008185,160.8521788718001	XETH: 3.3012880023497857,102.40411978400016	XXBT: 2.3056727919365656,71.48546351999994
139	benchmark144	139	139	0.07	120	1.01	1000	XXLM: 13.224001224551559,410.78890470600027	XETH: 4.198176497494396,130.2251026319998	XXBT: 4.002813688052687,124.10390272000018	ADA: 3.208125586058686,99.4563488977999
140	benchmark127	140	140	0.07	60	1.02	1000	XXLM: 15.258082251328611,473.97537171279964	ADA: 4.2686573537300525,132.3343066564007	XETH: 2.492460070278504,77.31472668000015	XXBT: 2.3059585277247674,71.49432251999997
141	benchmark155	141	141	0.07	120	1.02	1000	XETH: 8.612274793588236,267.14797949999956	XXLM: 7.1785631029333885,222.99408661140023	XXBT: 4.3918602149173385,136.16596607999963	ADA: 4.136684606423023,128.24296819440042
142	benchmark136	142	142	0.07	120	1.005	1000	XXLM: 8.23384196509559,255.77515193239992	XETH: 7.0912352171218735,219.9661768599999	ADA: 5.0341340747264125,156.06514816940035	XXBT: 3.543887770353444,109.87528707999991
143	benchmark117	143	143	0.07	60	1.01	1000	XXLM: 16.717932916717167,519.3240105768002	ADA: 3.3367103439960544,103.44265498379991	XETH: 2.3745834137010884,73.65825828000015	XXBT: 1.436738877032658,44.54489160000003
144	benchmark113	144	144	0.07	60	1.005	1000	XXLM: 12.213895849676105,379.41110357479965	ADA: 5.502398355924559,170.5819912536001	XETH: 3.193381405569989,99.05691710000019	XXBT: 2.448931655422657,75.92708519999996
145	benchmark83	145	145	0.05	120	1.005	1000	XETH: 9.041079075490282,280.4492501	ADA: 5.873571344323286,182.08886941200012	XXBT: 4.9649357150920554,153.93369439999992	XXLM: 3.3523954355582575,104.13843932179998
146	benchmark111	146	146	0.07	60	1.005	1000	ADA: 9.349184630959543,289.83770853839997	XXLM: 8.120584866630429,252.25694600980023	XETH: 3.193381405569989,99.05691710000019	XXBT: 2.448931655422657,75.92708519999996
147	benchmark134	147	147	0.07	60	1.02	1000	ADA: 7.940098603750726,246.15408463099993	XETH: 6.101216017680667,189.256331304	XXLM: 4.767396987798609,148.09389031819956	XXBT: 4.066293794489994,126.07205052000018
148	benchmark92	148	148	0.05	120	1.01	1000	XETH: 7.24922176548759,224.8668318199998	ADA: 6.342520829680396,196.62695477680018	XXBT: 5.256233780190831,162.9651481599999	XXLM: 3.8737031029312288,120.33228277799981
149	benchmark137	149	149	0.07	120	1.005	1000	XXLM: 8.607408452302247,267.3795797836001	XETH: 7.0912352171218735,219.9661768599999	XXBT: 3.543887770353444,109.87528707999991	ADA: 3.2976534454829154,102.23183688420022
150	benchmark145	150	150	0.07	120	1.01	1000	XXLM: 10.921728849286245,339.2713714488002	XETH: 4.198176497494396,130.2251026319998	XXBT: 4.002813688052687,124.10390272000018	ADA: 3.208125586058686,99.4563488977999
151	benchmark146	151	151	0.07	120	1.01	1000	XXLM: 9.356665725319491,290.65442446179964	XETH: 4.198176497494396,130.2251026319998	XXBT: 4.002813688052687,124.10390272000018	ADA: 3.208125586058686,99.4563488977999
152	benchmark131	152	152	0.07	60	1.02	1000	ADA: 7.3328995039598555,227.33006920539992	XETH: 6.101216017680667,189.256331304	XXBT: 4.066293794489994,126.07205052000018	XXLM: 3.245831576002867,100.82815142900017
153	benchmark118	153	153	0.07	60	1.01	1000	XXLM: 13.574528679743892,421.67765062659987	ADA: 3.3367103439960544,103.44265498379991	XETH: 2.3745834137010884,73.65825828000015	XXBT: 1.436738877032658,44.54489160000003
154	benchmark108	154	154	0.07	60	1.005	1000	XXLM: 10.608691329831357,329.5472087264002	ADA: 5.0341340747264125,156.06514816940035	XETH: 3.4474078983433354,106.93667778000008	XXBT: 1.623542876065039,50.336593919999814
155	benchmark122	155	155	0.07	60	1.01	1000	XXLM: 9.422476731749265,292.6987702532001	ADA: 5.141178111827253,159.38366199180018	XETH: 3.3012880023497857,102.40411978400016	XXBT: 2.3056727919365656,71.48546351999994
156	benchmark56	156	156	0.05	60	1.005	1000	XETH: 7.332678233079608,227.45560507999994	XXLM: 6.1470321207947825,190.95072279680016	XXBT: 3.615987678215295,112.11068464000004	ADA: 2.945798341600463,91.3238399761999
157	benchmark74	157	157	0.05	60	1.02	1000	XXLM: 6.526173601995903,202.7283316420005	XETH: 5.983234775284328,185.59661871000026	ADA: 3.901043059904505,120.93775297240063	XXBT: 3.523335434054562,109.23807901999999
158	benchmark65	158	158	0.05	60	1.01	1000	XETH: 7.460633204262547,231.42469719999963	XXLM: 6.469785977649647,200.97671274460004	ADA: 2.978449225418214,92.33606272299994	XXBT: 2.812091299126463,87.18654732000005
159	benchmark110	159	159	0.07	60	1.005	1000	XXLM: 11.158863237364558,346.6376877317996	XETH: 3.4474078983433354,106.93667778000008	ADA: 3.3814377500284114,104.82926669220024	XXBT: 1.623542876065039,50.336593919999814
160	benchmark109	160	160	0.07	60	1.005	1000	XXLM: 8.082952559452734,251.0879402009998	ADA: 5.0341340747264125,156.06514816940035	XETH: 3.4474078983433354,106.93667778000008	XXBT: 1.623542876065039,50.336593919999814
161	benchmark119	161	161	0.07	60	1.01	1000	XXLM: 6.875493266485194,213.5795588863998	ADA: 3.2916853225364404,102.04681678379984	XETH: 2.3745834137010884,73.65825828000015	XXBT: 1.436738877032658,44.54489160000003
162	benchmark128	162	162	0.07	60	1.02	1000	ADA: 4.222449193020397,130.9017894964004	XXLM: 3.245831576002867,100.82815142900017	XETH: 2.492460070278504,77.31472668000015	XXBT: 2.3059585277247674,71.49432251999997
